$ 1 0.000005 23.47059216675035 50 5 43 5e-11
v -384 96 -384 368 0 1 60 180 0 0 0.5
w -384 96 -208 96 0
w -384 368 -208 368 0
w 32 96 112 96 0
w 32 368 112 368 0
d 160 160 112 208 2 default
d 208 208 160 160 2 default
d 208 208 160 256 2 default
d 160 256 112 208 2 default
w 112 96 160 96 0
w 160 96 160 160 0
w 160 256 160 368 0
w 160 368 112 368 0
w 112 208 112 32 0
w 112 32 272 32 2
w 208 208 208 368 0
c 272 176 272 256 0 0.00047 24.677638176444074 0.00047
w 208 368 272 368 0
w 272 256 272 368 0
w 272 32 272 176 0
w 272 32 368 32 0
w 272 368 368 368 0
r 368 64 368 112 0 500
w 368 32 368 64 0
34 zener-5.6 1 1.7143528192810002e-7 0 2.0000000000000084 13 1
z 368 320 368 272 2 zener-5.6
w 368 320 368 368 0
w 368 112 368 144 1
w 368 144 368 272 2
w 368 144 416 144 0
w 368 32 544 32 0
w 416 144 464 144 2
t 496 176 560 176 0 1 -21.238363180390216 0.6767634963942628 100 default
174 464 144 496 208 1 5000 0.9950000000000001 Resistance
w 464 208 464 240 0
r 464 240 464 272 0 2000
w 464 272 464 368 0
w 368 368 464 368 0
w 560 192 560 256 2
r 560 256 560 304 0 120
w 560 304 560 368 1
w 560 368 464 368 0
w 544 32 560 32 0
w 560 32 560 160 0
w 560 192 640 192 0
162 640 192 640 256 2 default-led 1 0 0 0.01
w 640 256 640 288 0
r 640 288 640 368 0 4400
g 368 368 368 400 0 0
T -208 240 32 192 2 4 0.14598540145985403 -0.05367518215182728 0 0.999
w -208 96 -208 192 0
w -208 240 -208 368 0
w 32 192 32 96 0
w 32 240 32 368 0
w 640 368 560 368 0
o 14 64 0 4099 40 3.2 0 2 14 3
o 38 64 0 4099 10 0.1 1 2 38 3
